{
    "(1, 1)": 2,
    "(1, 2)": 3,
    "(1, 3)": 4,
    "(12, 12)": 24,
    "(12, 21)": 33,
    "(12, 5)": 17,
    "(123, 321)": 444,
    "(13, 13)": 26,
    "(13, 14)": 27,
    "(14, 13)": 27,
    "(2, 1)": 3,
    "(2, 2)": 4,
    "(21, 12)": 33,
    "(21, 21)": 42,
    "(23, 23)": 46,
    "(23, 32)": 55,
    "(23, 43)": 66,
    "(234, 234)": 468,
    "(3, 1)": 4,
    "(3, 3)": 6,
    "(3, 4)": 7,
    "(30, 31)": 61,
    "(31, 30)": 61,
    "(31, 31)": 62,
    "(32, 23)": 55,
    "(32, 32)": 64,
    "(321, 123)": 444,
    "(321, 321)": 642,
    "(34, 65)": 99,
    "(345678, 7654)": 353332,
    "(39, 5)": 44,
    "(4, 3)": 7,
    "(4, 4)": 8,
    "(43, 23)": 66,
    "(5, 12)": 17,
    "(5, 39)": 44,
    "(5, 5)": 10,
    "(65, 34)": 99,
    "(67, 90)": 157,
    "(7654, 345678)": 353332,
    "(89, 98)": 187,
    "(90, 67)": 157,
    "(98, 89)": 187
}